{
 "cells": [
  {
   "cell_type": "code",
   "execution_count": 7,
   "id": "e8774d50",
   "metadata": {},
   "outputs": [
    {
     "data": {
      "text/plain": [
       "<pyscf.gto.mole.Mole at 0x7fba0d4cad10>"
      ]
     },
     "execution_count": 7,
     "metadata": {},
     "output_type": "execute_result"
    }
   ],
   "source": [
    "import numpy as np\n",
    "import scipy as sp\n",
    "import pyscf\n",
    "from pyscf import gto, scf\n",
    "\n",
    "mol = gto.Mole()\n",
    "mol.atom = \"\"\"\n",
    "Li    0.0    0.0    0.0\n",
    "Li    1.0    0.0    0.0\n",
    "Li    0.5    0.866    0.0\n",
    "\"\"\"\n",
    "mol.basis = '6-31g'\n",
    "mol.charge = 0\n",
    "mol.spin = 3\n",
    "mol.build()"
   ]
  },
  {
   "cell_type": "code",
   "execution_count": 8,
   "id": "9e1c9c49",
   "metadata": {},
   "outputs": [
    {
     "name": "stdout",
     "output_type": "stream",
     "text": [
      "converged SCF energy = -21.5185006073659  <S^2> = 3.7500162  2S+1 = 4.0000081\n"
     ]
    },
    {
     "data": {
      "text/plain": [
       "-21.518500607365937"
      ]
     },
     "execution_count": 8,
     "metadata": {},
     "output_type": "execute_result"
    }
   ],
   "source": [
    "mf = scf.UHF(mol)\n",
    "mf.kernel()"
   ]
  },
  {
   "cell_type": "code",
   "execution_count": 8,
   "id": "915a10f6",
   "metadata": {},
   "outputs": [
    {
     "data": {
      "text/plain": [
       "(6, 3)"
      ]
     },
     "execution_count": 8,
     "metadata": {},
     "output_type": "execute_result"
    }
   ],
   "source": [
    "mf.nelec"
   ]
  },
  {
   "cell_type": "code",
   "execution_count": null,
   "id": "0cf0b07a",
   "metadata": {},
   "outputs": [
    {
     "name": "stdout",
     "output_type": "stream",
     "text": [
      "E(UCCSD) = -21.54413136016057  E_corr = -0.02563075279815653\n"
     ]
    },
    {
     "data": {
      "text/plain": [
       "(-0.025630752798156527,\n",
       " (array([[-4.61895787e-10,  4.42443799e-04,  3.34649370e-05,\n",
       "          -4.67603682e-11, -1.52348468e-18, -2.98108203e-19,\n",
       "          -1.43724020e-20, -3.49571752e-10, -7.19993459e-05,\n",
       "           7.68494228e-12, -3.35225406e-04,  2.31397671e-10,\n",
       "           1.85238411e-05, -7.73305810e-06,  1.32617107e-11,\n",
       "           1.72128063e-18,  3.48609690e-19, -1.91148494e-03,\n",
       "           3.15668618e-12,  2.94585420e-05, -2.88131633e-11],\n",
       "         [-3.74796334e-09,  5.27989803e-05,  1.04374679e-04,\n",
       "          -4.92643871e-11, -2.76315641e-17,  1.65576751e-17,\n",
       "           1.29919327e-18, -3.13495148e-09,  5.35729433e-04,\n",
       "          -9.40684890e-13, -5.27409784e-05,  1.97200803e-09,\n",
       "          -3.12455903e-04, -7.09528103e-04, -2.75367793e-10,\n",
       "           1.65283317e-18, -2.76367821e-18,  3.44172710e-05,\n",
       "           1.45346468e-10,  1.21692121e-03,  2.07897894e-09],\n",
       "         [-1.31677231e-03, -5.99364758e-10, -2.17348765e-10,\n",
       "           1.33834223e-04, -1.47879509e-17,  9.87596051e-18,\n",
       "          -1.02187386e-18, -8.07713722e-04, -2.44885885e-09,\n",
       "           6.00253919e-06,  4.66082160e-10,  4.11691832e-04,\n",
       "           1.96630525e-09, -3.72652768e-10, -8.07148875e-04,\n",
       "           4.66309297e-19, -4.09168135e-18, -1.00117399e-10,\n",
       "          -1.47763009e-06, -2.31457099e-09,  1.16174207e-03],\n",
       "         [ 5.64214500e-08, -3.44660778e-04,  8.85630015e-03,\n",
       "          -5.90367152e-08, -6.30026088e-17,  8.41575975e-18,\n",
       "           2.24542969e-17, -7.21260929e-10, -3.65962448e-03,\n",
       "          -2.32323791e-10, -1.66969336e-03, -8.48113882e-09,\n",
       "          -5.39664881e-03,  5.30113116e-03, -3.42826692e-08,\n",
       "          -1.62562194e-17,  1.99308921e-17,  2.55650791e-03,\n",
       "           1.75563107e-10, -1.41652535e-04,  5.75033423e-10],\n",
       "         [ 4.63662207e-16,  9.19611425e-17,  6.81110343e-17,\n",
       "          -5.01468881e-17,  2.24666084e-03, -2.26689120e-03,\n",
       "           2.99240944e-08, -1.54631447e-16, -3.65730291e-16,\n",
       "          -1.14037707e-16, -7.84544142e-17, -1.25951418e-16,\n",
       "           4.80524700e-16, -2.56509766e-17, -5.77693827e-18,\n",
       "           2.17799124e-03, -8.05578535e-09,  2.35138008e-17,\n",
       "           1.62674778e-16, -1.15153702e-17, -2.54391127e-17],\n",
       "         [-3.00693881e-09, -6.46734209e-04,  4.57085204e-03,\n",
       "          -8.97270429e-09, -9.38223010e-17,  2.31016953e-17,\n",
       "           3.00665421e-17, -1.77519136e-09,  1.39272233e-03,\n",
       "          -9.68832970e-09,  1.26272494e-03,  3.75710405e-09,\n",
       "          -1.25864342e-03, -1.78337333e-05,  4.64112733e-10,\n",
       "          -1.83597227e-17, -1.41607349e-18,  1.54955237e-03,\n",
       "           6.65333347e-09, -2.61890041e-04,  2.62608850e-10]]),\n",
       "  array([[-9.86483290e-04, -1.04774913e-09, -1.14059550e-18,\n",
       "           5.55445140e-05,  6.34281967e-04, -3.78600736e-18,\n",
       "           3.71056256e-10, -2.11533281e-18, -2.18692246e-05,\n",
       "          -3.50705754e-19,  6.39356010e-10, -4.90464335e-05,\n",
       "           1.82034588e-12, -3.99854404e-04,  3.47058262e-09,\n",
       "           2.25504040e-04, -8.75772410e-11, -1.15459668e-04,\n",
       "           1.91694855e-18,  9.37953080e-19,  1.95735282e-03,\n",
       "           5.51307862e-12,  1.06747649e-10, -1.49889132e-05],\n",
       "         [ 1.24527691e-09, -8.24053291e-04,  1.12094167e-17,\n",
       "          -1.84921351e-10, -1.01954525e-09, -1.42766070e-17,\n",
       "           3.11367237e-04, -1.80392874e-17,  1.15114442e-09,\n",
       "          -3.49836407e-18,  9.74903946e-04,  3.88505785e-10,\n",
       "          -7.95800746e-05,  5.74283475e-09,  7.44422649e-04,\n",
       "           1.83378986e-10,  6.17752396e-04,  1.78296098e-09,\n",
       "          -5.50475719e-18, -6.98604517e-18,  7.80232722e-12,\n",
       "          -5.82998644e-05,  1.03798346e-03,  3.49409028e-10],\n",
       "         [-1.78585383e-04,  3.92244621e-11,  1.44613125e-17,\n",
       "          -6.25394435e-04,  1.35938388e-04,  4.96065672e-18,\n",
       "           5.04043333e-11, -2.25414857e-17, -7.97639879e-05,\n",
       "          -1.10363464e-17, -1.34566980e-10,  9.81133813e-04,\n",
       "          -6.50122599e-10, -2.64252644e-04,  2.46471475e-09,\n",
       "          -7.14075307e-04,  2.05193564e-09, -7.46895632e-04,\n",
       "          -1.30799934e-17, -6.87981361e-18, -5.67533557e-05,\n",
       "          -4.06685917e-11, -3.21855205e-10,  1.04668020e-03]])),\n",
       " (array([[[[ 0.00000000e+00,  0.00000000e+00,  0.00000000e+00, ...,\n",
       "             0.00000000e+00,  0.00000000e+00,  0.00000000e+00],\n",
       "           [ 0.00000000e+00,  0.00000000e+00,  0.00000000e+00, ...,\n",
       "             0.00000000e+00,  0.00000000e+00,  0.00000000e+00],\n",
       "           [ 0.00000000e+00,  0.00000000e+00,  0.00000000e+00, ...,\n",
       "             0.00000000e+00,  0.00000000e+00,  0.00000000e+00],\n",
       "           ...,\n",
       "           [ 0.00000000e+00,  0.00000000e+00,  0.00000000e+00, ...,\n",
       "             0.00000000e+00,  0.00000000e+00,  0.00000000e+00],\n",
       "           [ 0.00000000e+00,  0.00000000e+00,  0.00000000e+00, ...,\n",
       "             0.00000000e+00,  0.00000000e+00,  0.00000000e+00],\n",
       "           [ 0.00000000e+00,  0.00000000e+00,  0.00000000e+00, ...,\n",
       "             0.00000000e+00,  0.00000000e+00,  0.00000000e+00]],\n",
       "  \n",
       "          [[ 0.00000000e+00, -1.54100677e-10, -3.90291936e-10, ...,\n",
       "             2.76015998e-04, -5.02581122e-10, -6.58755845e-05],\n",
       "           [ 1.54100677e-10,  0.00000000e+00,  2.09816641e-06, ...,\n",
       "             2.01473885e-10, -1.56912765e-04, -2.86752105e-10],\n",
       "           [ 3.90291936e-10, -2.09816641e-06,  0.00000000e+00, ...,\n",
       "             7.11623412e-11,  1.14644888e-05, -3.47632815e-10],\n",
       "           ...,\n",
       "           [-2.76015998e-04, -2.01473885e-10, -7.11623412e-11, ...,\n",
       "             0.00000000e+00, -6.64444559e-10,  3.48632711e-04],\n",
       "           [ 5.02581122e-10,  1.56912765e-04, -1.14644888e-05, ...,\n",
       "             6.64444559e-10,  0.00000000e+00, -1.20842200e-11],\n",
       "           [ 6.58755845e-05,  2.86752105e-10,  3.47632815e-10, ...,\n",
       "            -3.48632711e-04,  1.20842200e-11,  0.00000000e+00]],\n",
       "  \n",
       "          [[ 0.00000000e+00, -5.83905873e-05, -3.94339216e-05, ...,\n",
       "            -7.73989915e-10, -6.70337270e-05,  5.26938134e-10],\n",
       "           [ 5.83905873e-05,  0.00000000e+00, -1.09201064e-11, ...,\n",
       "             1.48727893e-05,  2.85494353e-10, -1.53810729e-04],\n",
       "           [ 3.94339216e-05,  1.09201064e-11,  0.00000000e+00, ...,\n",
       "             2.11505860e-04, -2.61481511e-10, -4.94779835e-05],\n",
       "           ...,\n",
       "           [ 7.73989915e-10, -1.48727893e-05, -2.11505860e-04, ...,\n",
       "             0.00000000e+00, -3.55902724e-04, -6.34898335e-10],\n",
       "           [ 6.70337270e-05, -2.85494353e-10,  2.61481511e-10, ...,\n",
       "             3.55902724e-04,  0.00000000e+00, -1.71220902e-06],\n",
       "           [-5.26938134e-10,  1.53810729e-04,  4.94779835e-05, ...,\n",
       "             6.34898335e-10,  1.71220902e-06,  0.00000000e+00]],\n",
       "  \n",
       "          [[ 0.00000000e+00,  1.87728554e-10, -3.49369651e-10, ...,\n",
       "            -3.33219263e-06, -1.22329694e-09, -1.26756635e-03],\n",
       "           [-1.87728554e-10,  0.00000000e+00, -2.19473223e-05, ...,\n",
       "            -3.74460149e-12,  4.47232198e-05, -4.94474972e-10],\n",
       "           [ 3.49369651e-10,  2.19473223e-05,  0.00000000e+00, ...,\n",
       "             4.30318396e-11,  9.79544745e-05,  3.06171470e-10],\n",
       "           ...,\n",
       "           [ 3.33219263e-06,  3.74460149e-12, -4.30318396e-11, ...,\n",
       "             0.00000000e+00,  1.57386900e-11, -1.61936733e-06],\n",
       "           [ 1.22329694e-09, -4.47232198e-05, -9.79544745e-05, ...,\n",
       "            -1.57386900e-11,  0.00000000e+00, -8.52601820e-13],\n",
       "           [ 1.26756635e-03,  4.94474972e-10, -3.06171470e-10, ...,\n",
       "             1.61936733e-06,  8.52601820e-13,  0.00000000e+00]],\n",
       "  \n",
       "          [[ 0.00000000e+00,  2.42875467e-19,  6.11884690e-19, ...,\n",
       "            -5.22076941e-19,  1.48071456e-19,  1.96254001e-19],\n",
       "           [-2.42875467e-19,  0.00000000e+00, -5.74075647e-18, ...,\n",
       "            -1.41820921e-20, -4.65962357e-19,  1.09694509e-20],\n",
       "           [-6.11884690e-19,  5.74075647e-18,  0.00000000e+00, ...,\n",
       "             4.53534728e-20,  8.79520649e-19,  3.37211759e-19],\n",
       "           ...,\n",
       "           [ 5.22076941e-19,  1.41820921e-20, -4.53534728e-20, ...,\n",
       "             0.00000000e+00,  2.13448733e-19, -5.95853928e-19],\n",
       "           [-1.48071456e-19,  4.65962357e-19, -8.79520649e-19, ...,\n",
       "            -2.13448733e-19,  0.00000000e+00,  6.49426742e-21],\n",
       "           [-1.96254001e-19, -1.09694509e-20, -3.37211759e-19, ...,\n",
       "             5.95853928e-19, -6.49426742e-21,  0.00000000e+00]],\n",
       "  \n",
       "          [[ 0.00000000e+00, -2.16601659e-11, -2.19806442e-10, ...,\n",
       "            -3.38895038e-04,  2.22664624e-10,  6.58067219e-05],\n",
       "           [ 2.16601659e-11,  0.00000000e+00, -1.21724820e-04, ...,\n",
       "            -2.42432646e-10, -3.35026930e-04,  3.83260493e-10],\n",
       "           [ 2.19806442e-10,  1.21724820e-04,  0.00000000e+00, ...,\n",
       "            -4.50847632e-11,  2.72735314e-04, -2.12127855e-09],\n",
       "           ...,\n",
       "           [ 3.38895038e-04,  2.42432646e-10,  4.50847632e-11, ...,\n",
       "             0.00000000e+00, -3.52513144e-10, -3.60909718e-04],\n",
       "           [-2.22664624e-10,  3.35026930e-04, -2.72735314e-04, ...,\n",
       "             3.52513144e-10,  0.00000000e+00, -1.50523418e-11],\n",
       "           [-6.58067219e-05, -3.83260493e-10,  2.12127855e-09, ...,\n",
       "             3.60909718e-04,  1.50523418e-11,  0.00000000e+00]]],\n",
       "  \n",
       "  \n",
       "         [[[ 0.00000000e+00,  1.54100677e-10,  3.90291936e-10, ...,\n",
       "            -2.76015998e-04,  5.02581122e-10,  6.58755845e-05],\n",
       "           [-1.54100677e-10,  0.00000000e+00, -2.09816641e-06, ...,\n",
       "            -2.01473885e-10,  1.56912765e-04,  2.86752105e-10],\n",
       "           [-3.90291936e-10,  2.09816641e-06,  0.00000000e+00, ...,\n",
       "            -7.11623412e-11, -1.14644888e-05,  3.47632815e-10],\n",
       "           ...,\n",
       "           [ 2.76015998e-04,  2.01473885e-10,  7.11623412e-11, ...,\n",
       "             0.00000000e+00,  6.64444559e-10, -3.48632711e-04],\n",
       "           [-5.02581122e-10, -1.56912765e-04,  1.14644888e-05, ...,\n",
       "            -6.64444559e-10,  0.00000000e+00,  1.20842200e-11],\n",
       "           [-6.58755845e-05, -2.86752105e-10, -3.47632815e-10, ...,\n",
       "             3.48632711e-04, -1.20842200e-11,  0.00000000e+00]],\n",
       "  \n",
       "          [[ 0.00000000e+00,  0.00000000e+00,  0.00000000e+00, ...,\n",
       "             0.00000000e+00,  0.00000000e+00,  0.00000000e+00],\n",
       "           [ 0.00000000e+00,  0.00000000e+00,  0.00000000e+00, ...,\n",
       "             0.00000000e+00,  0.00000000e+00,  0.00000000e+00],\n",
       "           [ 0.00000000e+00,  0.00000000e+00,  0.00000000e+00, ...,\n",
       "             0.00000000e+00,  0.00000000e+00,  0.00000000e+00],\n",
       "           ...,\n",
       "           [ 0.00000000e+00,  0.00000000e+00,  0.00000000e+00, ...,\n",
       "             0.00000000e+00,  0.00000000e+00,  0.00000000e+00],\n",
       "           [ 0.00000000e+00,  0.00000000e+00,  0.00000000e+00, ...,\n",
       "             0.00000000e+00,  0.00000000e+00,  0.00000000e+00],\n",
       "           [ 0.00000000e+00,  0.00000000e+00,  0.00000000e+00, ...,\n",
       "             0.00000000e+00,  0.00000000e+00,  0.00000000e+00]],\n",
       "  \n",
       "          [[ 0.00000000e+00,  6.29982301e-06,  1.79557882e-04, ...,\n",
       "             2.74622687e-12,  7.72672918e-05, -7.17418331e-11],\n",
       "           [-6.29982301e-06,  0.00000000e+00,  1.07780836e-10, ...,\n",
       "             3.00327016e-05,  7.90953951e-11,  4.80196182e-06],\n",
       "           [-1.79557882e-04, -1.07780836e-10,  0.00000000e+00, ...,\n",
       "             3.64292723e-06, -2.67405373e-10,  1.86534707e-04],\n",
       "           ...,\n",
       "           [-2.74622687e-12, -3.00327016e-05, -3.64292723e-06, ...,\n",
       "             0.00000000e+00,  7.22339610e-07,  2.70421186e-12],\n",
       "           [-7.72672918e-05, -7.90953951e-11,  2.67405373e-10, ...,\n",
       "            -7.22339610e-07,  0.00000000e+00,  2.95428298e-06],\n",
       "           [ 7.17418331e-11, -4.80196182e-06, -1.86534707e-04, ...,\n",
       "            -2.70421186e-12, -2.95428298e-06,  0.00000000e+00]],\n",
       "  \n",
       "          [[ 0.00000000e+00, -1.27310204e-09, -4.11076549e-09, ...,\n",
       "            -1.63019058e-03,  2.63636603e-09,  3.48095775e-04],\n",
       "           [ 1.27310204e-09,  0.00000000e+00,  2.65833652e-05, ...,\n",
       "            -3.60634855e-10, -8.64906082e-05, -2.75554981e-10],\n",
       "           [ 4.11076549e-09, -2.65833652e-05,  0.00000000e+00, ...,\n",
       "             1.86735577e-10,  5.18302416e-06,  5.21199619e-10],\n",
       "           ...,\n",
       "           [ 1.63019058e-03,  3.60634855e-10, -1.86735577e-10, ...,\n",
       "             0.00000000e+00,  4.20917541e-10,  9.52848530e-06],\n",
       "           [-2.63636603e-09,  8.64906082e-05, -5.18302416e-06, ...,\n",
       "            -4.20917541e-10,  0.00000000e+00,  3.93443558e-10],\n",
       "           [-3.48095775e-04,  2.75554981e-10, -5.21199619e-10, ...,\n",
       "            -9.52848530e-06, -3.93443558e-10,  0.00000000e+00]],\n",
       "  \n",
       "          [[ 0.00000000e+00,  3.27076055e-20, -3.35000888e-19, ...,\n",
       "             2.89117995e-18, -2.53947598e-19,  5.38377245e-19],\n",
       "           [-3.27076055e-20,  0.00000000e+00,  1.50464888e-19, ...,\n",
       "            -1.85397330e-19,  1.64381918e-18, -7.37606476e-20],\n",
       "           [ 3.35000888e-19, -1.50464888e-19,  0.00000000e+00, ...,\n",
       "            -2.11214953e-19,  7.25916349e-18, -2.73012520e-19],\n",
       "           ...,\n",
       "           [-2.89117995e-18,  1.85397330e-19,  2.11214953e-19, ...,\n",
       "             0.00000000e+00,  4.76727658e-19,  9.79226946e-19],\n",
       "           [ 2.53947598e-19, -1.64381918e-18, -7.25916349e-18, ...,\n",
       "            -4.76727658e-19,  0.00000000e+00, -4.63454707e-19],\n",
       "           [-5.38377245e-19,  7.37606476e-20,  2.73012520e-19, ...,\n",
       "            -9.79226946e-19,  4.63454707e-19,  0.00000000e+00]],\n",
       "  \n",
       "          [[ 0.00000000e+00, -1.08410701e-09,  2.64671239e-09, ...,\n",
       "             1.75188728e-03,  2.59547897e-09,  4.44707653e-04],\n",
       "           [ 1.08410701e-09,  0.00000000e+00,  1.98568012e-05, ...,\n",
       "             1.58372076e-09,  2.41277534e-05, -1.46963466e-10],\n",
       "           [-2.64671239e-09, -1.98568012e-05,  0.00000000e+00, ...,\n",
       "            -7.88913992e-09,  1.50741987e-04,  2.81959995e-10],\n",
       "           ...,\n",
       "           [-1.75188728e-03, -1.58372076e-09,  7.88913992e-09, ...,\n",
       "             0.00000000e+00,  2.80761680e-09,  3.74119461e-04],\n",
       "           [-2.59547897e-09, -2.41277534e-05, -1.50741987e-04, ...,\n",
       "            -2.80761680e-09,  0.00000000e+00,  2.06685767e-09],\n",
       "           [-4.44707653e-04,  1.46963466e-10, -2.81959995e-10, ...,\n",
       "            -3.74119461e-04, -2.06685767e-09,  0.00000000e+00]]],\n",
       "  \n",
       "  \n",
       "         [[[ 0.00000000e+00,  5.83905873e-05,  3.94339216e-05, ...,\n",
       "             7.73989915e-10,  6.70337270e-05, -5.26938134e-10],\n",
       "           [-5.83905873e-05,  0.00000000e+00,  1.09201064e-11, ...,\n",
       "            -1.48727893e-05, -2.85494353e-10,  1.53810729e-04],\n",
       "           [-3.94339216e-05, -1.09201064e-11,  0.00000000e+00, ...,\n",
       "            -2.11505860e-04,  2.61481511e-10,  4.94779835e-05],\n",
       "           ...,\n",
       "           [-7.73989915e-10,  1.48727893e-05,  2.11505860e-04, ...,\n",
       "             0.00000000e+00,  3.55902724e-04,  6.34898335e-10],\n",
       "           [-6.70337270e-05,  2.85494353e-10, -2.61481511e-10, ...,\n",
       "            -3.55902724e-04,  0.00000000e+00,  1.71220902e-06],\n",
       "           [ 5.26938134e-10, -1.53810729e-04, -4.94779835e-05, ...,\n",
       "            -6.34898335e-10, -1.71220902e-06,  0.00000000e+00]],\n",
       "  \n",
       "          [[ 0.00000000e+00, -6.29982301e-06, -1.79557882e-04, ...,\n",
       "            -2.74622687e-12, -7.72672918e-05,  7.17418331e-11],\n",
       "           [ 6.29982301e-06,  0.00000000e+00, -1.07780836e-10, ...,\n",
       "            -3.00327016e-05, -7.90953951e-11, -4.80196182e-06],\n",
       "           [ 1.79557882e-04,  1.07780836e-10,  0.00000000e+00, ...,\n",
       "            -3.64292723e-06,  2.67405373e-10, -1.86534707e-04],\n",
       "           ...,\n",
       "           [ 2.74622687e-12,  3.00327016e-05,  3.64292723e-06, ...,\n",
       "             0.00000000e+00, -7.22339610e-07, -2.70421186e-12],\n",
       "           [ 7.72672918e-05,  7.90953951e-11, -2.67405373e-10, ...,\n",
       "             7.22339610e-07,  0.00000000e+00, -2.95428298e-06],\n",
       "           [-7.17418331e-11,  4.80196182e-06,  1.86534707e-04, ...,\n",
       "             2.70421186e-12,  2.95428298e-06,  0.00000000e+00]],\n",
       "  \n",
       "          [[ 0.00000000e+00,  0.00000000e+00,  0.00000000e+00, ...,\n",
       "             0.00000000e+00,  0.00000000e+00,  0.00000000e+00],\n",
       "           [ 0.00000000e+00,  0.00000000e+00,  0.00000000e+00, ...,\n",
       "             0.00000000e+00,  0.00000000e+00,  0.00000000e+00],\n",
       "           [ 0.00000000e+00,  0.00000000e+00,  0.00000000e+00, ...,\n",
       "             0.00000000e+00,  0.00000000e+00,  0.00000000e+00],\n",
       "           ...,\n",
       "           [ 0.00000000e+00,  0.00000000e+00,  0.00000000e+00, ...,\n",
       "             0.00000000e+00,  0.00000000e+00,  0.00000000e+00],\n",
       "           [ 0.00000000e+00,  0.00000000e+00,  0.00000000e+00, ...,\n",
       "             0.00000000e+00,  0.00000000e+00,  0.00000000e+00],\n",
       "           [ 0.00000000e+00,  0.00000000e+00,  0.00000000e+00, ...,\n",
       "             0.00000000e+00,  0.00000000e+00,  0.00000000e+00]],\n",
       "  \n",
       "          [[ 0.00000000e+00, -4.84372585e-04, -5.02747694e-04, ...,\n",
       "             4.48782002e-09,  3.47981768e-04, -2.70446594e-09],\n",
       "           [ 4.84372585e-04,  0.00000000e+00, -1.36683402e-10, ...,\n",
       "             9.82151144e-06,  1.70021174e-10, -1.50877424e-04],\n",
       "           [ 5.02747694e-04,  1.36683402e-10,  0.00000000e+00, ...,\n",
       "            -7.76891260e-04,  2.58038208e-10,  5.16125109e-05],\n",
       "           ...,\n",
       "           [-4.48782002e-09, -9.82151144e-06,  7.76891260e-04, ...,\n",
       "             0.00000000e+00,  1.36213909e-04, -1.88341423e-10],\n",
       "           [-3.47981768e-04, -1.70021174e-10, -2.58038208e-10, ...,\n",
       "            -1.36213909e-04,  0.00000000e+00,  6.49905321e-05],\n",
       "           [ 2.70446594e-09,  1.50877424e-04, -5.16125109e-05, ...,\n",
       "             1.88341423e-10, -6.49905321e-05,  0.00000000e+00]],\n",
       "  \n",
       "          [[ 0.00000000e+00,  1.74463309e-18,  1.08853154e-17, ...,\n",
       "            -1.33520665e-18,  1.11357668e-18,  2.10822788e-19],\n",
       "           [-1.74463309e-18,  0.00000000e+00, -1.06970904e-19, ...,\n",
       "             7.58425844e-19, -1.59729784e-20,  1.58739628e-18],\n",
       "           [-1.08853154e-17,  1.06970904e-19,  0.00000000e+00, ...,\n",
       "            -2.22034869e-18, -2.17429918e-19,  7.86058740e-18],\n",
       "           ...,\n",
       "           [ 1.33520665e-18, -7.58425844e-19,  2.22034869e-18, ...,\n",
       "             0.00000000e+00,  8.70391242e-19, -5.59507683e-19],\n",
       "           [-1.11357668e-18,  1.59729784e-20,  2.17429918e-19, ...,\n",
       "            -8.70391242e-19,  0.00000000e+00,  1.18623886e-18],\n",
       "           [-2.10822788e-19, -1.58739628e-18, -7.86058740e-18, ...,\n",
       "             5.59507683e-19, -1.18623886e-18,  0.00000000e+00]],\n",
       "  \n",
       "          [[ 0.00000000e+00, -1.07631266e-04,  9.22503187e-04, ...,\n",
       "            -1.19121374e-08,  7.76793911e-04, -1.97308883e-09],\n",
       "           [ 1.07631266e-04,  0.00000000e+00,  1.58310539e-10, ...,\n",
       "             3.85457036e-04,  2.02322126e-11, -2.71434690e-05],\n",
       "           [-9.22503187e-04, -1.58310539e-10,  0.00000000e+00, ...,\n",
       "            -7.80427497e-04, -2.83878516e-10,  2.88400842e-04],\n",
       "           ...,\n",
       "           [ 1.19121374e-08, -3.85457036e-04,  7.80427497e-04, ...,\n",
       "             0.00000000e+00,  3.63547829e-04, -2.91358366e-09],\n",
       "           [-7.76793911e-04, -2.02322126e-11,  2.83878516e-10, ...,\n",
       "            -3.63547829e-04,  0.00000000e+00,  7.35378745e-04],\n",
       "           [ 1.97308883e-09,  2.71434690e-05, -2.88400842e-04, ...,\n",
       "             2.91358366e-09, -7.35378745e-04,  0.00000000e+00]]],\n",
       "  \n",
       "  \n",
       "         [[[ 0.00000000e+00, -1.87728554e-10,  3.49369651e-10, ...,\n",
       "             3.33219263e-06,  1.22329694e-09,  1.26756635e-03],\n",
       "           [ 1.87728554e-10,  0.00000000e+00,  2.19473223e-05, ...,\n",
       "             3.74460149e-12, -4.47232198e-05,  4.94474972e-10],\n",
       "           [-3.49369651e-10, -2.19473223e-05,  0.00000000e+00, ...,\n",
       "            -4.30318396e-11, -9.79544745e-05, -3.06171470e-10],\n",
       "           ...,\n",
       "           [-3.33219263e-06, -3.74460149e-12,  4.30318396e-11, ...,\n",
       "             0.00000000e+00, -1.57386900e-11,  1.61936733e-06],\n",
       "           [-1.22329694e-09,  4.47232198e-05,  9.79544745e-05, ...,\n",
       "             1.57386900e-11,  0.00000000e+00,  8.52601820e-13],\n",
       "           [-1.26756635e-03, -4.94474972e-10,  3.06171470e-10, ...,\n",
       "            -1.61936733e-06, -8.52601820e-13,  0.00000000e+00]],\n",
       "  \n",
       "          [[ 0.00000000e+00,  1.27310204e-09,  4.11076549e-09, ...,\n",
       "             1.63019058e-03, -2.63636603e-09, -3.48095775e-04],\n",
       "           [-1.27310204e-09,  0.00000000e+00, -2.65833652e-05, ...,\n",
       "             3.60634855e-10,  8.64906082e-05,  2.75554981e-10],\n",
       "           [-4.11076549e-09,  2.65833652e-05,  0.00000000e+00, ...,\n",
       "            -1.86735577e-10, -5.18302416e-06, -5.21199619e-10],\n",
       "           ...,\n",
       "           [-1.63019058e-03, -3.60634855e-10,  1.86735577e-10, ...,\n",
       "             0.00000000e+00, -4.20917541e-10, -9.52848530e-06],\n",
       "           [ 2.63636603e-09, -8.64906082e-05,  5.18302416e-06, ...,\n",
       "             4.20917541e-10,  0.00000000e+00, -3.93443558e-10],\n",
       "           [ 3.48095775e-04, -2.75554981e-10,  5.21199619e-10, ...,\n",
       "             9.52848530e-06,  3.93443558e-10,  0.00000000e+00]],\n",
       "  \n",
       "          [[ 0.00000000e+00,  4.84372585e-04,  5.02747694e-04, ...,\n",
       "            -4.48782002e-09, -3.47981768e-04,  2.70446594e-09],\n",
       "           [-4.84372585e-04,  0.00000000e+00,  1.36683402e-10, ...,\n",
       "            -9.82151144e-06, -1.70021174e-10,  1.50877424e-04],\n",
       "           [-5.02747694e-04, -1.36683402e-10,  0.00000000e+00, ...,\n",
       "             7.76891260e-04, -2.58038208e-10, -5.16125109e-05],\n",
       "           ...,\n",
       "           [ 4.48782002e-09,  9.82151144e-06, -7.76891260e-04, ...,\n",
       "             0.00000000e+00, -1.36213909e-04,  1.88341423e-10],\n",
       "           [ 3.47981768e-04,  1.70021174e-10,  2.58038208e-10, ...,\n",
       "             1.36213909e-04,  0.00000000e+00, -6.49905321e-05],\n",
       "           [-2.70446594e-09, -1.50877424e-04,  5.16125109e-05, ...,\n",
       "            -1.88341423e-10,  6.49905321e-05,  0.00000000e+00]],\n",
       "  \n",
       "          [[ 0.00000000e+00,  0.00000000e+00,  0.00000000e+00, ...,\n",
       "             0.00000000e+00,  0.00000000e+00,  0.00000000e+00],\n",
       "           [ 0.00000000e+00,  0.00000000e+00,  0.00000000e+00, ...,\n",
       "             0.00000000e+00,  0.00000000e+00,  0.00000000e+00],\n",
       "           [ 0.00000000e+00,  0.00000000e+00,  0.00000000e+00, ...,\n",
       "             0.00000000e+00,  0.00000000e+00,  0.00000000e+00],\n",
       "           ...,\n",
       "           [ 0.00000000e+00,  0.00000000e+00,  0.00000000e+00, ...,\n",
       "             0.00000000e+00,  0.00000000e+00,  0.00000000e+00],\n",
       "           [ 0.00000000e+00,  0.00000000e+00,  0.00000000e+00, ...,\n",
       "             0.00000000e+00,  0.00000000e+00,  0.00000000e+00],\n",
       "           [ 0.00000000e+00,  0.00000000e+00,  0.00000000e+00, ...,\n",
       "             0.00000000e+00,  0.00000000e+00,  0.00000000e+00]],\n",
       "  \n",
       "          [[ 0.00000000e+00,  2.80594556e-17,  2.46877263e-17, ...,\n",
       "             1.54910024e-17,  1.39566844e-19,  3.08702553e-19],\n",
       "           [-2.80594556e-17,  0.00000000e+00,  7.38039370e-17, ...,\n",
       "             8.27475881e-19,  1.46745700e-18,  3.15845264e-19],\n",
       "           [-2.46877263e-17, -7.38039370e-17,  0.00000000e+00, ...,\n",
       "             5.88426671e-19,  8.77005070e-19,  2.28114982e-19],\n",
       "           ...,\n",
       "           [-1.54910024e-17, -8.27475881e-19, -5.88426671e-19, ...,\n",
       "             0.00000000e+00, -7.40482751e-19,  1.47156232e-18],\n",
       "           [-1.39566844e-19, -1.46745700e-18, -8.77005070e-19, ...,\n",
       "             7.40482751e-19,  0.00000000e+00,  2.45215063e-20],\n",
       "           [-3.08702553e-19, -3.15845264e-19, -2.28114982e-19, ...,\n",
       "            -1.47156232e-18, -2.45215063e-20,  0.00000000e+00]],\n",
       "  \n",
       "          [[ 0.00000000e+00,  7.45985192e-09, -2.88328742e-07, ...,\n",
       "             5.38346672e-03,  2.82949094e-09,  5.73734725e-04],\n",
       "           [-7.45985192e-09,  0.00000000e+00,  5.08884141e-03, ...,\n",
       "             2.10214345e-09,  8.51560990e-04, -6.20263625e-10],\n",
       "           [ 2.88328742e-07, -5.08884141e-03,  0.00000000e+00, ...,\n",
       "             2.44657465e-09,  2.85434959e-04, -3.44124909e-09],\n",
       "           ...,\n",
       "           [-5.38346672e-03, -2.10214345e-09, -2.44657465e-09, ...,\n",
       "             0.00000000e+00,  7.48313565e-10,  7.76242270e-04],\n",
       "           [-2.82949094e-09, -8.51560990e-04, -2.85434959e-04, ...,\n",
       "            -7.48313565e-10,  0.00000000e+00,  1.81022501e-11],\n",
       "           [-5.73734725e-04,  6.20263625e-10,  3.44124909e-09, ...,\n",
       "            -7.76242270e-04, -1.81022501e-11,  0.00000000e+00]]],\n",
       "  \n",
       "  \n",
       "         [[[ 0.00000000e+00, -2.42875467e-19, -6.11884690e-19, ...,\n",
       "             5.22076941e-19, -1.48071456e-19, -1.96254001e-19],\n",
       "           [ 2.42875467e-19,  0.00000000e+00,  5.74075647e-18, ...,\n",
       "             1.41820921e-20,  4.65962357e-19, -1.09694509e-20],\n",
       "           [ 6.11884690e-19, -5.74075647e-18,  0.00000000e+00, ...,\n",
       "            -4.53534728e-20, -8.79520649e-19, -3.37211759e-19],\n",
       "           ...,\n",
       "           [-5.22076941e-19, -1.41820921e-20,  4.53534728e-20, ...,\n",
       "             0.00000000e+00, -2.13448733e-19,  5.95853928e-19],\n",
       "           [ 1.48071456e-19, -4.65962357e-19,  8.79520649e-19, ...,\n",
       "             2.13448733e-19,  0.00000000e+00, -6.49426742e-21],\n",
       "           [ 1.96254001e-19,  1.09694509e-20,  3.37211759e-19, ...,\n",
       "            -5.95853928e-19,  6.49426742e-21,  0.00000000e+00]],\n",
       "  \n",
       "          [[ 0.00000000e+00, -3.27076055e-20,  3.35000888e-19, ...,\n",
       "            -2.89117995e-18,  2.53947598e-19, -5.38377245e-19],\n",
       "           [ 3.27076055e-20,  0.00000000e+00, -1.50464888e-19, ...,\n",
       "             1.85397330e-19, -1.64381918e-18,  7.37606476e-20],\n",
       "           [-3.35000888e-19,  1.50464888e-19,  0.00000000e+00, ...,\n",
       "             2.11214953e-19, -7.25916349e-18,  2.73012520e-19],\n",
       "           ...,\n",
       "           [ 2.89117995e-18, -1.85397330e-19, -2.11214953e-19, ...,\n",
       "             0.00000000e+00, -4.76727658e-19, -9.79226946e-19],\n",
       "           [-2.53947598e-19,  1.64381918e-18,  7.25916349e-18, ...,\n",
       "             4.76727658e-19,  0.00000000e+00,  4.63454707e-19],\n",
       "           [ 5.38377245e-19, -7.37606476e-20, -2.73012520e-19, ...,\n",
       "             9.79226946e-19, -4.63454707e-19,  0.00000000e+00]],\n",
       "  \n",
       "          [[ 0.00000000e+00, -1.74463309e-18, -1.08853154e-17, ...,\n",
       "             1.33520665e-18, -1.11357668e-18, -2.10822788e-19],\n",
       "           [ 1.74463309e-18,  0.00000000e+00,  1.06970904e-19, ...,\n",
       "            -7.58425844e-19,  1.59729784e-20, -1.58739628e-18],\n",
       "           [ 1.08853154e-17, -1.06970904e-19,  0.00000000e+00, ...,\n",
       "             2.22034869e-18,  2.17429918e-19, -7.86058740e-18],\n",
       "           ...,\n",
       "           [-1.33520665e-18,  7.58425844e-19, -2.22034869e-18, ...,\n",
       "             0.00000000e+00, -8.70391242e-19,  5.59507683e-19],\n",
       "           [ 1.11357668e-18, -1.59729784e-20, -2.17429918e-19, ...,\n",
       "             8.70391242e-19,  0.00000000e+00, -1.18623886e-18],\n",
       "           [ 2.10822788e-19,  1.58739628e-18,  7.86058740e-18, ...,\n",
       "            -5.59507683e-19,  1.18623886e-18,  0.00000000e+00]],\n",
       "  \n",
       "          [[ 0.00000000e+00, -2.80594556e-17, -2.46877263e-17, ...,\n",
       "            -1.54910024e-17, -1.39566844e-19, -3.08702553e-19],\n",
       "           [ 2.80594556e-17,  0.00000000e+00, -7.38039370e-17, ...,\n",
       "            -8.27475881e-19, -1.46745700e-18, -3.15845264e-19],\n",
       "           [ 2.46877263e-17,  7.38039370e-17,  0.00000000e+00, ...,\n",
       "            -5.88426671e-19, -8.77005070e-19, -2.28114982e-19],\n",
       "           ...,\n",
       "           [ 1.54910024e-17,  8.27475881e-19,  5.88426671e-19, ...,\n",
       "             0.00000000e+00,  7.40482751e-19, -1.47156232e-18],\n",
       "           [ 1.39566844e-19,  1.46745700e-18,  8.77005070e-19, ...,\n",
       "            -7.40482751e-19,  0.00000000e+00, -2.45215063e-20],\n",
       "           [ 3.08702553e-19,  3.15845264e-19,  2.28114982e-19, ...,\n",
       "             1.47156232e-18,  2.45215063e-20,  0.00000000e+00]],\n",
       "  \n",
       "          [[ 0.00000000e+00,  0.00000000e+00,  0.00000000e+00, ...,\n",
       "             0.00000000e+00,  0.00000000e+00,  0.00000000e+00],\n",
       "           [ 0.00000000e+00,  0.00000000e+00,  0.00000000e+00, ...,\n",
       "             0.00000000e+00,  0.00000000e+00,  0.00000000e+00],\n",
       "           [ 0.00000000e+00,  0.00000000e+00,  0.00000000e+00, ...,\n",
       "             0.00000000e+00,  0.00000000e+00,  0.00000000e+00],\n",
       "           ...,\n",
       "           [ 0.00000000e+00,  0.00000000e+00,  0.00000000e+00, ...,\n",
       "             0.00000000e+00,  0.00000000e+00,  0.00000000e+00],\n",
       "           [ 0.00000000e+00,  0.00000000e+00,  0.00000000e+00, ...,\n",
       "             0.00000000e+00,  0.00000000e+00,  0.00000000e+00],\n",
       "           [ 0.00000000e+00,  0.00000000e+00,  0.00000000e+00, ...,\n",
       "             0.00000000e+00,  0.00000000e+00,  0.00000000e+00]],\n",
       "  \n",
       "          [[ 0.00000000e+00,  4.90670555e-18,  2.40013376e-18, ...,\n",
       "             5.41877031e-19,  6.89722778e-19, -5.30192057e-19],\n",
       "           [-4.90670555e-18,  0.00000000e+00,  2.48765960e-17, ...,\n",
       "            -7.35656919e-19, -4.21070337e-18, -2.30544658e-19],\n",
       "           [-2.40013376e-18, -2.48765960e-17,  0.00000000e+00, ...,\n",
       "            -4.71180211e-18, -1.70884822e-17, -3.27138024e-19],\n",
       "           ...,\n",
       "           [-5.41877031e-19,  7.35656919e-19,  4.71180211e-18, ...,\n",
       "             0.00000000e+00, -2.26283687e-19, -5.69093124e-19],\n",
       "           [-6.89722778e-19,  4.21070337e-18,  1.70884822e-17, ...,\n",
       "             2.26283687e-19,  0.00000000e+00,  3.39671937e-19],\n",
       "           [ 5.30192057e-19,  2.30544658e-19,  3.27138024e-19, ...,\n",
       "             5.69093124e-19, -3.39671937e-19,  0.00000000e+00]]],\n",
       "  \n",
       "  \n",
       "         [[[ 0.00000000e+00,  2.16601659e-11,  2.19806442e-10, ...,\n",
       "             3.38895038e-04, -2.22664624e-10, -6.58067219e-05],\n",
       "           [-2.16601659e-11,  0.00000000e+00,  1.21724820e-04, ...,\n",
       "             2.42432646e-10,  3.35026930e-04, -3.83260493e-10],\n",
       "           [-2.19806442e-10, -1.21724820e-04,  0.00000000e+00, ...,\n",
       "             4.50847632e-11, -2.72735314e-04,  2.12127855e-09],\n",
       "           ...,\n",
       "           [-3.38895038e-04, -2.42432646e-10, -4.50847632e-11, ...,\n",
       "             0.00000000e+00,  3.52513144e-10,  3.60909718e-04],\n",
       "           [ 2.22664624e-10, -3.35026930e-04,  2.72735314e-04, ...,\n",
       "            -3.52513144e-10,  0.00000000e+00,  1.50523418e-11],\n",
       "           [ 6.58067219e-05,  3.83260493e-10, -2.12127855e-09, ...,\n",
       "            -3.60909718e-04, -1.50523418e-11,  0.00000000e+00]],\n",
       "  \n",
       "          [[ 0.00000000e+00,  1.08410701e-09, -2.64671239e-09, ...,\n",
       "            -1.75188728e-03, -2.59547897e-09, -4.44707653e-04],\n",
       "           [-1.08410701e-09,  0.00000000e+00, -1.98568012e-05, ...,\n",
       "            -1.58372076e-09, -2.41277534e-05,  1.46963466e-10],\n",
       "           [ 2.64671239e-09,  1.98568012e-05,  0.00000000e+00, ...,\n",
       "             7.88913992e-09, -1.50741987e-04, -2.81959995e-10],\n",
       "           ...,\n",
       "           [ 1.75188728e-03,  1.58372076e-09, -7.88913992e-09, ...,\n",
       "             0.00000000e+00, -2.80761680e-09, -3.74119461e-04],\n",
       "           [ 2.59547897e-09,  2.41277534e-05,  1.50741987e-04, ...,\n",
       "             2.80761680e-09,  0.00000000e+00, -2.06685767e-09],\n",
       "           [ 4.44707653e-04, -1.46963466e-10,  2.81959995e-10, ...,\n",
       "             3.74119461e-04,  2.06685767e-09,  0.00000000e+00]],\n",
       "  \n",
       "          [[ 0.00000000e+00,  1.07631266e-04, -9.22503187e-04, ...,\n",
       "             1.19121374e-08, -7.76793911e-04,  1.97308883e-09],\n",
       "           [-1.07631266e-04,  0.00000000e+00, -1.58310539e-10, ...,\n",
       "            -3.85457036e-04, -2.02322126e-11,  2.71434690e-05],\n",
       "           [ 9.22503187e-04,  1.58310539e-10,  0.00000000e+00, ...,\n",
       "             7.80427497e-04,  2.83878516e-10, -2.88400842e-04],\n",
       "           ...,\n",
       "           [-1.19121374e-08,  3.85457036e-04, -7.80427497e-04, ...,\n",
       "             0.00000000e+00, -3.63547829e-04,  2.91358366e-09],\n",
       "           [ 7.76793911e-04,  2.02322126e-11, -2.83878516e-10, ...,\n",
       "             3.63547829e-04,  0.00000000e+00, -7.35378745e-04],\n",
       "           [-1.97308883e-09, -2.71434690e-05,  2.88400842e-04, ...,\n",
       "            -2.91358366e-09,  7.35378745e-04,  0.00000000e+00]],\n",
       "  \n",
       "          [[ 0.00000000e+00, -7.45985192e-09,  2.88328742e-07, ...,\n",
       "            -5.38346672e-03, -2.82949094e-09, -5.73734725e-04],\n",
       "           [ 7.45985192e-09,  0.00000000e+00, -5.08884141e-03, ...,\n",
       "            -2.10214345e-09, -8.51560990e-04,  6.20263625e-10],\n",
       "           [-2.88328742e-07,  5.08884141e-03,  0.00000000e+00, ...,\n",
       "            -2.44657465e-09, -2.85434959e-04,  3.44124909e-09],\n",
       "           ...,\n",
       "           [ 5.38346672e-03,  2.10214345e-09,  2.44657465e-09, ...,\n",
       "             0.00000000e+00, -7.48313565e-10, -7.76242270e-04],\n",
       "           [ 2.82949094e-09,  8.51560990e-04,  2.85434959e-04, ...,\n",
